tempo 190000

note 0 2 3 59 64
note 0 2 3 62 64
note 2 3 3 55 64
note 3 5 3 59 64
note 3 5 3 62 64

note 6 7 3 59 64
note 6 7 3 62 64
note 7 8 3 55 64
note 8 9 3 59 64
note 8 9 3 62 64
note 9 10 3 54 64
note 10 12 3 59 64
note 10 12 3 62 64

note 13 14 3 59 64
note 13 14 3 62 64
note 14 15 3 54 64
note 15 16 3 59 64
note 15 16 3 64 64

note 16 17 3 55 64
note 17 19 3 59 64
note 17 19 3 64 64

note 19 20 3 59 64
note 19 20 3 64 64

note 20 21 3 54 64

note 21 23 3 54 64
note 21 23 3 60 64
note 21 23 3 64 64

note 23 25 3 54 64
note 23 25 3 60 64
note 23 25 3 64 64

note 25 26 3 54 64
note 25 26 3 60 64
note 25 26 3 64 64

note 26 27 3 59 64
note 27 28 3 57 64
note 28 29 3 59 64

note 29 30 3 59 64
note 29 30 3 62 64

note 30 31 3 55 64

note 31 33 3 59 64
note 31 33 3 62 64

note 34 35 3 59 64
note 34 35 3 62 64
note 35 36 3 55 64
note 36 37 3 59 64
note 36 37 3 62 64
note 37 38 3 54 64
note 38 40 3 59 64
note 38 40 3 62 64

note 41 42 3 59 64
note 41 42 3 62 64
note 42 43 3 54 64
note 43 44 3 59 64
note 43 44 3 64 64

note 44 45 3 55 64
note 45 47 3 59 64
note 45 47 3 64 64



note 47 48 3 59 64
note 47 48 3 64 64

note 48 49 3 54 64

note 49 51 3 54 64
note 49 51 3 60 64
note 49 51 3 64 64

note 51 53 3 54 64
note 51 53 3 60 64
note 51 53 3 64 64

note 53 54 3 54 64
note 53 54 3 60 64
note 53 54 3 64 64

note 54 55 3 59 64
note 55 56 3 57 64
note 56 57 3 59 64

note 57 62 3 55 64



