tempo 800
note 10 1053 1 72 67
note 10 2068 1 53 67
note 1054 2068 1 84 63
note 2069 4095 1 79 65
note 2069 4095 1 57 65
note 4100 5149 1 77 67
note 4100 6164 1 56 67
note 5150 6164 1 84 63
note 6165 8191 1 72 65
note 6165 8191 1 55 65
note 8196 9245 1 72 67
note 8196 10260 1 53 67
note 9246 10260 1 77 63
note 10261 11275 1 84 65
note 10261 12287 1 57 65
note 11276 12287 1 86 63
note 12292 13341 1 84 67
note 12292 14356 1 56 67
note 13342 14356 1 79 63
note 14357 16383 1 77 65
note 14357 16383 1 55 65
note 16388 17437 1 72 67
note 16388 18452 1 53 67
note 17438 18452 1 84 63
note 18453 20479 1 79 65
note 18453 20479 1 57 65
note 20484 21533 1 77 67
note 20484 22548 1 56 67
note 21534 22548 1 84 63
note 22549 24575 1 72 65
note 22549 24575 1 55 65
note 24580 25629 1 72 67
note 24580 26644 1 53 67
note 25630 26644 1 77 63
note 26645 27659 1 84 65
note 26645 28671 1 57 65
note 27660 28671 1 86 63
note 28676 29725 1 84 67
note 28676 30740 1 56 67
note 29726 30740 1 79 63
note 30741 32508 1 77 65
note 30741 32508 1 55 65
note 32509 32649 1 58 62
note 32635 32782 1 59 62
note 32772 33797 1 60 70
note 32772 33283 1 46 80
note 33314 33791 1 53 75
note 33822 34019 1 72 76
note 33822 34296 1 55 76
note 34327 34529 1 69 75
note 34327 34806 1 53 75
note 34837 35316 1 67 78
note 34837 35316 1 46 78
note 35347 35912 1 65 75
note 35347 35821 1 53 75
note 35852 36417 1 64 75
note 35852 36326 1 55 76
note 36357 36924 1 65 75
note 36357 36833 1 53 75
note 36868 37893 1 67 70
note 36868 37379 1 45 80
note 37410 37887 1 53 75
note 37918 38700 1 76 75
note 37918 38392 1 55 76
note 38423 38902 1 53 75
note 38671 38810 1 75 75
note 38796 38947 1 74 75
note 38933 40935 1 72 70
note 38933 39412 1 44 78
note 39443 39917 1 53 75
note 39948 40422 1 55 76
note 40453 40929 1 53 75
note 40964 42013 1 62 80
note 40964 41475 1 43 80
note 41506 41983 1 53 75
note 42014 42211 1 72 76
note 42014 42488 1 55 76
note 42519 42721 1 69 75
note 42519 42998 1 53 75
note 43029 43508 1 67 78
note 43029 43508 1 48 78
note 43539 44104 1 65 75
note 43539 44013 1 53 75
note 44044 44609 1 67 75
note 44044 44518 1 55 76
note 44549 45001 1 69 70
note 44549 45025 1 53 75
note 45060 46109 1 64 80
note 45060 45571 1 45 80
note 45602 46079 1 53 75
note 46110 47124 1 67 76
note 46110 46584 1 55 76
note 46615 47094 1 53 75
note 47125 47695 1 67 75
note 47125 47634 1 50 78
note 47635 48200 1 65 75
note 47635 48109 1 50 75
note 48140 48705 1 64 75
note 48140 48644 1 48 76
note 48645 49212 1 65 75
note 48645 49121 1 48 75
note 49156 50181 1 60 70
note 49156 49667 1 46 80
note 49698 50175 1 53 75
note 50206 50403 1 72 76
note 50206 50680 1 55 76
note 50711 50913 1 69 75
note 50711 51190 1 53 75
note 51221 51700 1 67 78
note 51221 51700 1 46 78
note 51731 52296 1 65 75
note 51731 52205 1 53 75
note 52236 52801 1 64 75
note 52236 52710 1 55 76
note 52741 53308 1 65 75
note 52741 53217 1 53 75
note 53252 54277 1 67 70
note 53252 53763 1 45 80
note 53794 54271 1 53 75
note 54302 55084 1 76 75
note 54302 54776 1 55 76
note 54807 55286 1 53 75
note 55055 55194 1 75 75
note 55180 55331 1 74 75
note 55317 57319 1 72 70
note 55317 55796 1 44 78
note 55827 56301 1 53 75
note 56332 56806 1 55 76
note 56837 57313 1 53 75
note 57348 58397 1 62 80
note 57348 57859 1 43 80
note 57890 58367 1 53 75
note 58398 58595 1 72 76
note 58398 58872 1 55 76
note 58903 59105 1 69 75
note 58903 59382 1 53 75
note 59413 59892 1 67 78
note 59413 59892 1 48 78
note 59923 60488 1 65 75
note 59923 60397 1 53 75
note 60428 60993 1 67 75
note 60428 60902 1 55 76
note 60933 61385 1 69 70
note 60933 61409 1 53 75
note 61444 62493 1 64 80
note 61444 61955 1 45 80
note 61986 62463 1 53 75
note 62494 63508 1 67 76
note 62494 62968 1 55 76
note 62999 63478 1 53 75
note 63509 64079 1 67 75
note 63509 64018 1 50 78
note 64019 64584 1 65 75
note 64019 64493 1 50 75
note 64524 65089 1 64 75
note 64524 65028 1 48 76
note 65029 65481 1 65 70
note 65029 65505 1 48 75
note 65540 66051 1 84 80
note 65540 67604 1 65 80
note 66082 66559 1 77 62
note 66590 67064 1 79 63
note 67095 67574 1 77 62
note 67605 68084 1 71 65
note 67605 69631 1 67 65
note 68115 68589 1 77 62
note 68620 69094 1 79 63
note 69125 69601 1 77 62
note 69636 70147 1 70 67
note 69636 71700 1 58 67
note 70178 70655 1 77 62
note 70686 71160 1 79 63
note 71191 71670 1 82 62
note 71701 72180 1 81 65
note 71701 73727 1 65 65
note 72211 72685 1 79 62
note 72716 73190 1 77 63
note 73221 73697 1 72 62
note 73732 74243 1 84 67
note 73732 75796 1 65 67
note 74274 74751 1 77 62
note 74782 75256 1 79 63
note 75287 75766 1 77 62
note 75797 76276 1 71 65
note 75797 77823 1 67 65
note 76307 76781 1 77 62
note 76812 77286 1 79 63
note 77317 77793 1 77 62
note 77828 78339 1 70 67
note 77828 79892 1 58 67
note 78370 78847 1 77 62
note 78878 79352 1 79 63
note 79383 79862 1 82 62
note 79893 80372 1 81 65
note 79893 81919 1 65 65
note 80403 80877 1 79 62
note 80908 81382 1 77 63
note 81413 81889 1 72 62
note 81924 82435 1 84 54
note 82466 82943 1 77 49
note 82974 83448 1 79 50
note 83479 83958 1 77 49
note 83989 84468 1 71 52
note 84499 84973 1 77 49
note 85004 85478 1 79 50
note 85509 85985 1 77 49
note 86020 86531 1 70 54
note 86562 87039 1 77 49
note 87070 87544 1 79 50
note 87575 88054 1 82 49
note 88085 88564 1 81 52
note 88595 89069 1 79 49
note 89100 89574 1 77 50
note 89605 90081 1 72 49
note 90116 90627 1 84 54
note 90658 91135 1 77 49
note 91166 91640 1 79 47
note 91671 92150 1 77 45
note 92181 92660 1 71 44
note 92691 93165 1 77 42
note 93196 93670 1 79 41
note 93701 94177 1 77 39
note 94212 94723 1 70 38
note 94754 95231 1 77 36
note 95262 95736 1 79 34
note 95767 96246 1 82 33
note 96277 96756 1 81 31
note 96787 97261 1 79 30
note 97292 97766 1 77 28
note 97797 98273 1 72 27